Bolzano  Araliacee: [0, 1.98, 0, 0, 0, 0.5, 0, 0, 0, 0.5, 0] Assenzio: [0, 0, 0, 0, 0.5, 0.5, 0, 0, 0, 0, 0] Carpino nero: [0, 0.5, 0, 0, 0, 0, 0, 0, 0, 0, 0] Cupressacee/Taxacee: [0, 0, 0, 0, 0, 0, 0, 0, 0, 0, 0.5] Graminacee: [0.5, 0.5, 0, 0, 0, 0, 0, 0, 0, 0.5, 0] Cedro: [13.39, 100.69, 14.88, 33.73, 11.9, 2.98, 4.96, 2.98, 136.41, 26.29, 8.43] Abete rosso: [0, 0, 0, 0, 0, 0, 0, 0, 0.5, 0, 0] Urticacee: [6.45, 7.44, 3.47, 6.94, 2.48, 1.98, 1.98, 3.47, 7.44, 6.45, 2.48] Pollini Non Identificati: [0, 0.5, 1.49, 0, 0.99, 0.99, 0.5, 1.49, 0.99, 1.49, 0.99] Alternaria: [2.98, 4.46, 9.92, 6.45, 6.94, 3.97, 1.98, 2.98, 9.42, 14.38, 12.4] Epicoccum: [0.99, 0.5, 1.98, 0.99, 0, 0.99, 0.99, 2.48, 1.98, 0.99, 0.5] Pithomyces: [0.5, 0.5, 0.5, 0.5, 0.5, 0.99, 0.5, 0.99, 0.5, 0.5, 1.49] Pleospora: [0, 0, 0, 0, 0.99, 0, 0, 0, 0, 0, 0] Polythrincium: [0, 0, 0.5, 0.5, 1.49, 1.49, 1.98, 0.99, 0.99, 0, 0.5] Stemphylium: [0, 0, 0, 0.5, 0, 0, 0, 0, 0, 0.5, 0] Torula: [0, 2.48, 0.99, 0.5, 0, 0.5, 0.5, 0.5, 0, 1.98, 1.49] 
Brunico  
Silandro  
Treviso  Amarantacee: [0, 0, 0, 0, 0.32, 0, 0, 0, 0, 0, 0] Graminacee: [0, 0, 0, 0, 0, 0.32, 0, 0, 0.32, 0, 0] Pinacee: [0, 0, 0.32, 1.61, 0, 0, 0, 0, 0, 0.32, 0] Urticacee: [0, 0.32, 0.32, 0, 0, 0, 0, 0, 0.32, 0.32, 0] Alternaria: [11.61, 8.71, 17.09, 11.93, 7.1, 6.77, 4.84, 9.03, 14.19, 7.42, 7.1] 
Venezia Mestre  Amarantacee: [0, 0, 0, 0, 0, 0.49, 0, 0, 0, 0, 0] Cupressacee/Taxacee: [0, 0, 0, 0.49, 0, 0, 0, 0, 0.97, 0.49, 0] Graminacee: [0, 0.49, 0, 1.94, 0, 0.97, 0, 0.49, 0.97, 0.97, 0] Pinacee: [0, 0, 0, 1.94, 0, 0, 0, 0, 0.49, 0.49, 0] Urticacee: [0, 0.49, 0, 0, 0, 0.49, 0.49, 0, 1.94, 0, 1.46] Altri pollini: [0.49, 1.94, 0, 0.97, 0.49, 0.49, 0, 0.97, 0.97, 3.4, 1.46] Alternaria: [6.32, 42.78, 38.89, 120.07, 20.42, 14.1, 1.94, 8.75, 44.72, 42.29, 14.1] 
Belluno  Alternaria: [6.45, 6.77, 4.52, 6.45, 3.87, 1.61, 1.61, 1.94, 2.58, 1.61, 2.26] Cladosporium: [33.22, 39.99, 74.83, 75.79, 22.58, 21.93, 26.12, 21.61, 39.35, 19.03, 22.58] 
Vicenza  Amarantacee: [0.49, 0, 0, 0.49, 0, 0, 0, 0, 0, 0, 0] Altre Composite: [0, 0.49, 0, 0, 0, 0.97, 0, 0, 0.49, 0, 0] Cupressacee/Taxacee: [0, 0, 0.49, 0, 0, 0, 0, 0, 0.97, 0, 0] Graminacee: [0.97, 0, 0, 0.97, 4.86, 0, 0, 0.97, 0, 2.92, 0.49] Pinacee: [0, 0, 0, 4.86, 0, 0.49, 0, 0, 0.49, 1.94, 0] Urticacee: [0, 0.49, 0.49, 0, 0, 0.49, 0, 2.92, 3.89, 0, 1.46] Altri pollini: [1.94, 0.97, 0, 0.97, 0.49, 0.49, 0.49, 1.46, 1.94, 1.46, 1.94] Pollini Non Identificati: [0, 0, 0, 0.49, 0, 0, 0, 0, 0.49, 0.49, 0.49] Alternaria: [5.35, 109.86, 62.71, 104.03, 5.83, 3.4, 10.69, 23.33, 94.31, 35.49, 54.44] 
Padova 2  
Feltre  Urticacee: [0, 0.65, 0.65, 0.32, 0, 0, 0, 0, 0, 0, 0] Alternaria: [4.84, 10.32, 6.77, 4.19, 3.87, 2.26, 1.94, 3.87, 1.61, 4.84, 2.26] Cladosporium: [30.64, 50.31, 28.38, 33.22, 25.48, 22.25, 28.38, 39.03, 53.22, 31.61, 20.32] 
Padova 1  Alternaria: [9.79, 15.87, 7.09, 12.15, 16.54, 11.48, 9.45, 10.8, 17.22, 10.13, 15.53] 
Verona  Ontano: [0, 0, 0, 0, 0, 0, 0, 0, 0, 1.08, 0] Assenzio: [1.08, 1.62, 0.54, 0, 0, 0, 0, 0, 0, 0, 0.54] Cupressacee/Taxacee: [0, 0, 0, 1.08, 0, 0, 0, 0.54, 2.16, 0, 0] Graminacee: [1.08, 0.54, 0, 1.08, 1.08, 1.08, 0, 0, 1.08, 0, 0] Pinacee: [0, 0, 0, 0.54, 0, 0, 0, 0, 2.16, 0.54, 0.54] Urticacee: [4.86, 12.96, 4.32, 9.72, 1.08, 0.54, 1.08, 2.16, 3.78, 4.86, 3.78] Alternaria: [15.66, 143.13, 55.09, 130.17, 25.93, 4.86, 9.72, 9.18, 82.64, 64.27, 38.35] Cladosporium: [86.42, 221.45, 91.82, 270.06, 189.04, 135.03, 64.81, 37.81, 129.63, 113.43, 54.01] 
Rovigo  Amarantacee: [0, 0, 0.93, 0, 0, 0, 0, 0, 0, 0, 0] Altre Composite: [0, 0, 0, 0, 0, 0, 0, 0, 0, 0.47, 0] Cupressacee/Taxacee: [0.47, 0, 0.93, 0, 0, 0, 0, 0, 0.93, 0, 0] Pinacee: [0, 0.93, 0.93, 1.4, 0, 0, 0, 0, 0, 0, 0.47] Urticacee: [0, 2.8, 1.4, 0, 0, 0, 0, 0, 0.47, 0.47, 0.93] Altri pollini: [0, 0.93, 0.93, 0.47, 0, 0, 0, 0.47, 0.47, 0.47, 0] Alternaria: [21.5, 65.44, 51.88, 75.72, 2.34, 1.87, 5.14, 11.22, 39.73, 36.93, 10.75] 
Forlì  Carpino nero: [0.43, 0.43] Cupressacee/Taxacee: [0.43, 0.43, 1.74, 0.87, 3.04] Graminacee: [0.43, 0.87, 0.43, 0.43, 0.43] Altre Oleacee: [0.43] Pinacee: [0.43, 0.87, 0.43] Plantaginacee: [0.43] Urticacee: [3.47, 0.43, 0.87, 1.74, 0.87, 0.87, 0.43] Altri pollini: [0.43, 3.47, 0.87, 1.3, 0.87, 0.43, 0.43, 1.74, 0.87] Alternaria: [8.25, 19.53, 12.59, 11.72, 6.94, 7.38, 6.08, 9.98, 33.85, 12.15, 10.42] 
Rimini  Amarantacee: [0.45] Nocciolo: [0.45] Cupressacee/Taxacee: [1.8, 0.45, 2.7, 0.45, 1.35, 4.95, 2.25] Graminacee: [0.9, 0.9, 0.45, 0.45, 0.45] Pinacee: [0.45, 1.35, 0.9] Urticacee: [0.45, 1.8, 0.9, 1.35, 2.25, 0.45] Alternaria: [8.1, 6.75, 13.5, 4.05, 0.9, 2.7, 0.9, 10.35, 20.25, 1.8, 3.15] 
San Giovanni in Persiceto  Amarantacee: [0.43] Ontano: [0.43] Betulla: [0.43] Altre Composite: [0.43] Nocciolo: [0.43] Carpino nero: [0.43, 0.86] Cupressacee/Taxacee: [0.43, 0.43, 1.29, 3.01] Castagno: [0.43] Graminacee: [0.43, 2.15, 3.44, 0.86, 2.15, 0.86, 0.86, 1.29, 0.86] Altre Oleacee: [0.43] Pinacee: [0.43, 0.43] Plantaginacee: [0.43, 0.43] Urticacee: [0.43, 0.43, 0.43, 0.43, 3.87, 0.86, 0.86] Altri pollini: [0.43, 0.43, 0.43, 0.43, 1.72, 0.43, 0.43] Alternaria: [51.6, 39.56, 41.71, 68.38, 47.3, 18.49, 19.35, 56.76, 75.69, 43, 86.01] 
Modena  Amarantacee: [0.49, 0.98, 0.49, 0.49] Ambrosia: [0.49] Cupressacee/Taxacee: [0.49, 0.98, 0.49, 0.98, 0.49] Graminacee: [0.98, 0.49, 0.98, 0.49, 1.96, 0.49, 1.47, 2.95, 1.47] Pinacee: [0.49, 0.49, 0.49] Urticacee: [2.46, 0.49, 2.46, 0.49, 1.96, 0.98, 1.96] Altri pollini: [1.47, 0.98, 0.98, 1.96, 0.98] Pollini Non Identificati: [0.98, 0.49, 2.46, 1.96, 0.98, 0.49] Alternaria: [14.73, 36.34, 29.46, 51.07, 56.47, 29.46, 12.28, 14.73, 19.64, 34.37, 13.75] 
Parma  Amarantacee: [0.41, 0.41, 0.41] Nocciolo: [0.41] Cupressacee/Taxacee: [0.81, 0.41, 1.22, 1.22, 1.22, 1.22, 0.41, 0.81, 2.03, 0.81] Castagno: [0.41] Graminacee: [0.41, 0.81, 2.03, 2.43, 2.03, 0.41, 0.41, 2.03, 0.41, 1.22] Pinacee: [0.41, 0.41, 0.41, 1.22, 0.81] Platanacee: [0.41] Poligonacee: [0.41] Urticacee: [0.41, 0.81, 1.62, 1.62, 0.41, 0.81, 1.22, 0.81, 0.41] Altri pollini: [0.81, 1.62, 0.41, 0.41, 0.41, 0.81, 1.22] Pollini Non Identificati: [0.41, 0.41, 0.41] Alternaria: [4.86, 34.84, 60.36, 78.99, 32, 30.79, 9.32, 36.46, 58.33, 47.8, 11.34] 
Ravenna  Alternaria: [6.88] 
Bologna  Nocciolo: [0.43] Cupressacee/Taxacee: [0.86, 0.43, 0.43] Graminacee: [0.43, 0.43] Pinacee: [2.16, 1.73, 1.73, 1.3, 0.43, 0.86, 1.3, 0.86, 0.86, 0.43] Urticacee: [4.75, 0.43, 2.16, 0.43, 3.89, 0.86] Altri pollini: [1.3, 0.43, 0.86, 0.43] Alternaria: [9.94, 19.01, 22.04, 4.75, 16.42, 15.12, 0.86, 15.56, 6.05, 6.48, 3.89] 
Reggio Emilia  Cupressacee/Taxacee: [0.8, 0.8, 0.8, 1.2] Graminacee: [0.4, 0.4] Pinacee: [0.4, 0.8, 2.79, 1.2] Urticacee: [0.8, 0.8, 0.8, 1.59, 2.79, 0.8] Altri pollini: [0.8, 0.4, 0.8] Alternaria: [7.97, 15.54, 19.13, 16.73, 25.1, 7.57, 9.56, 8.37, 24.31, 18.73, 13.95] 
Piacenza  Amarantacee: [0.42, 0.42, 0.42] Altre Composite: [0.42] Assenzio: [0.42, 0.42, 0.42] Cupressacee/Taxacee: [0.42, 0.42, 0.42, 0.42, 4.65, 0.85] Graminacee: [0.42, 1.69, 0.42, 0.85] Pinacee: [0.85, 0.42, 0.85, 0.42] Urticacee: [0.85, 1.27, 0.42, 1.27, 0.42, 0.85, 0.42, 3.8, 1.27] Altri pollini: [2.96, 0.42, 0.85, 0.42, 0.42, 1.69] Pollini Non Identificati: [0.42, 0.85, 1.69, 1.69, 0.42, 0.42, 1.27] Alternaria: [13.1, 25.36, 33.82, 84.12, 69.75, 19.02, 8.88, 26.63, 141.61, 73.97, 46.92] 
Ferrara  Amarantacee: [0.45] Cupressacee/Taxacee: [0.45, 0.45] Graminacee: [0.45] Pinacee: [0.9, 0.45] Plantaginacee: [0.45] Urticacee: [0.45, 0.9, 0.9] Alternaria: [5.4, 8.1, 19.35, 36.46, 18.45, 20.25, 3.6, 11.25, 28.81, 7.2, 4.5] 
Cesena  Ambrosia: [0.48] Cupressacee/Taxacee: [1.91, 0.95] Graminacee: [0.48] Pinacee: [0.48, 1.91, 0.95] Urticacee: [0.95, 0.95, 0.48] Altri pollini: [0.95, 0.48, 0.95] Alternaria: [1.91, 9.06, 3.81, 1.91, 8.1, 3.81, 0.95, 5.72, 10.96, 9.06, 3.34] 
Pescara  
L'Aquila  Nocciolo: [0.43, 0.85] Cupressacee/Taxacee: [4.69, 3.41, 1.28] Pinacee: [0.85] Pollini Non Identificati: [2.98, 4.69, 5.12] Alternaria: [6.82, 2.98, 11.51, 5.12, 3.41, 8.95, 4.69] 
San Michele all'Adige  Amarantacee: [0.49] Assenzio: [0.49] Nocciolo: [0.49] Graminacee: [0.49, 0.49, 1.46] Pinacee: [3.4] Urticacee: [2.43, 3.4, 4.37, 4.86] Altri pollini: [0.49] Pollini Non Identificati: [0.97, 0.49] Alternaria: [3.4, 10.21, 18.47, 55.42] 
Potenza  
Napoli - Via don Bosco  Amarantacee: [0.53, 0.79, 0.26, 0.26, 0.26, 0, 0, 0, 0.53, 0, 0] Altre Composite: [0, 0, 0, 0, 0, 0.26, 0, 0, 0, 0, 0] Ambrosia: [0, 0, 0, 0, 0, 0, 0, 0.26, 0, 0, 0] Assenzio: [0.53, 0.26, 0.79, 0.53, 0.26, 0, 0.53, 0, 0.79, 0.53, 0.26] Cupressacee/Taxacee: [1.32, 1.32, 1.05, 1.32, 1.05, 0.79, 1.32, 1.32, 1.05, 0.79, 1.05] Ericacee: [0, 0, 0, 0, 0, 0, 0, 0, 0, 0, 1.58] Euforbiacee: [2.11, 1.58, 1.58, 2.11, 1.58, 0.79, 1.32, 1.58, 2.11, 1.84, 0] Graminacee: [0.26, 0, 0, 0, 0, 0, 0, 0, 0, 0, 0] Pinacee: [0.79, 0.53, 1.05, 0.79, 0.26, 0.26, 0.53, 0, 0.26, 0.26, 0.26] Plantaginacee: [0, 0.26, 0, 0, 0, 0, 0, 0, 0, 0, 0] Urticacee: [3.43, 3.95, 2.63, 5.27, 3.69, 1.84, 2.11, 3.95, 1.58, 7.38, 8.69] Altri pollini: [0.79, 1.32, 0.79, 1.05, 0.79, 0.53, 0.53, 1.05, 0, 1.05, 0.53] Alternaria: [8.69, 13.17, 11.59, 9.22, 5.27, 3.43, 2.11, 4.74, 6.06, 8.17, 8.17] 
Benevento - Via Calandra  Amarantacee: [0.53, 0.26, 0, 0.53, 0, 0, 0, 0, 0, 0, 0] Assenzio: [0, 0.26, 0, 0, 0.26, 0.53, 0.26, 0.26, 0.26, 0.53, 0.26] Cupressacee/Taxacee: [1.32, 1.58, 0.79, 1.84, 0.53, 0.79, 0.53, 0.79, 1.05, 1.05, 0.53] Euforbiacee: [2.37, 1.05, 1.58, 2.37, 1.84, 3.43, 1.84, 0, 1.58, 2.37, 1.05] Graminacee: [0, 0, 0.26, 0.26, 0.26, 0, 0, 0, 0, 0, 0] Pinacee: [0.53, 1.05, 0.79, 1.05, 0.53, 0, 0.53, 0.53, 0.53, 1.05, 0.26] Urticacee: [2.11, 3.95, 1.84, 3.43, 3.16, 2.11, 2.37, 3.43, 3.69, 2.11, 2.63] Altri pollini: [1.05, 0.79, 0.79, 0.53, 0.53, 0.79, 0.26, 0.53, 0.79, 0.53, 0.79] Alternaria: [10.01, 9.22, 7.9, 10.01, 5.27, 5.53, 7.38, 4.48, 6.06, 4.48, 3.95] 
Caserta - Via Arena  Amarantacee: [0.53, 0.26, 0.53, 0, 0.53, 0.53, 0, 0, 0.53, 0, 0] Assenzio: [0.26, 0.53, 0, 0.53, 0, 0.53, 0.26, 0.26, 0.53, 0.26, 0.53] Cupressacee/Taxacee: [1.58, 1.58, 1.32, 2.11, 1.58, 0.79, 0.53, 0.53, 0, 0.53, 1.58] Euforbiacee: [1.05, 1.05, 0.79, 0.79, 1.32, 0.53, 1.05, 1.58, 1.32, 1.84, 1.05] Graminacee: [0, 0, 0, 0, 0.26, 0, 0, 0, 0, 0, 0] Pinacee: [1.05, 2.11, 1.32, 1.32, 0.53, 0.79, 0.53, 0, 0.26, 0.53, 0] Urticacee: [2.63, 4.74, 2.63, 4.74, 3.16, 4.22, 2.63, 8.69, 3.43, 5.53, 4.22] Altri pollini: [0.79, 0.79, 0.79, 0.79, 0.26, 0.53, 0.53, 0.53, 0.53, 0.53, 0.53] Alternaria: [10.54, 8.69, 13.17, 10.54, 6.06, 6.06, 5.27, 8.17, 9.22, 6.59, 5.27] 
Trieste  
Lignano Sabbiadoro  
Tolmezzo  Amarantacee: [0, 0, 0, 0.28, 0, 0, 0, 0, 0, 0, 0] Ontano: [0, 0, 0.28, 0, 0, 0, 0, 0, 0, 0, 0] Assenzio: [0.28, 0, 0.28, 0, 0.28, 0, 0, 0, 0, 0, 0] Nocciolo: [0, 0, 0.28, 0.28, 0, 0, 0, 0, 0, 0.28, 0] Cupressacee/Taxacee: [0.28, 0, 0, 0, 0, 0, 0, 0, 0, 0.28, 0] Graminacee: [0, 0, 0, 0.28, 0, 0, 0, 0, 0.28, 0, 0.28] Pinacee: [0, 0.28, 0.28, 0, 0.28, 0, 0, 0, 0.28, 0.85, 0.28] Plantaginacee: [0, 0.28, 0, 0, 0, 0, 0, 0, 0, 0, 0] Urticacee: [0, 0.28, 0.28, 0.56, 0, 0.56, 0, 0, 0.28, 0, 0] Altri pollini: [0, 0, 0, 0, 0.28, 0.28, 0, 0.28, 0.28, 0, 0.28] Alternaria: [0.85, 0.28, 5.07, 7.89, 0, 11.27, 2.54, 3.95, 1.97, 2.25, 7.05] 
Pordenone  Amarantacee: [0, 0, 0, 0, 0.28, 0, 0, 0, 0, 0, 0] Araliacee: [0, 0, 0, 0.28, 0, 0, 0, 0, 0, 0, 0] Altre Composite: [0, 0, 0.28, 0.28, 0.85, 0, 0, 0, 0, 0.28, 0] Ambrosia: [0, 0, 0, 0, 0.28, 0, 0, 0, 0, 0, 0] Assenzio: [0, 0, 0, 0.28, 0.28, 0, 0, 0, 0, 0.28, 0.28] Cupressacee/Taxacee: [0, 0, 0, 0.56, 0, 0, 0, 0, 0, 0, 0] Euforbiacee: [0, 0, 0, 0.56, 0, 0.56, 0, 0, 0, 0.56, 0.28] Graminacee: [0.56, 0, 0.28, 0.56, 0, 0, 0.28, 0, 0.56, 0, 1.13] Pinacee: [0, 0, 0, 0.56, 0, 0, 0, 0, 1.69, 2.25, 0.56] Urticacee: [0.28, 0.28, 0, 0.28, 0, 0.28, 0, 1.13, 0, 0, 0] Altri pollini: [0, 0.56, 0, 1.41, 0, 0, 0, 0, 0.56, 0, 0] Alternaria: [4.51, 7.33, 12.12, 44.52, 4.79, 10.14, 4.79, 9.58, 11.27, 23.95, 12.12] 
Reggio Calabria  
La Spezia - Arpal Dipartimento di La Spezia  Graminacee: [0, 0.34, 0, 0] Urticacee: [1.35, 1.01, 0, 0.68] Vetriola/altre Urticacee: [1.35, 1.01, 0, 0.68] Altri pollini: [0.34, 0, 0, 0] Alternaria: [0, 1.35, 0.68, 1.01] 
Genova - Dipartimento provinciale  Cupressacee/Taxacee: [1.22, 0.61, 0.61, 0] Pinacee: [1.82, 0, 0, 0] Urticacee: [0.61, 0, 0.61, 0.61] Altri pollini: [0, 0.61, 0, 0] Alternaria: [1.82, 0, 0.61, 0.61] 
Savona  
Imperia - Arpal Dipartimento di Imperia  
Omegna  Amarantacee: [0, 0, 0, 0.54, 0, 0, 0] Ontano: [0, 0, 0, 0, 0.54, 0, 0.54, 0, 0, 0, 0] Ambrosia: [0, 0, 0, 0, 0, 0.54, 0] Assenzio: [0, 0, 0, 0, 0.54, 0, 0] Nocciolo: [0, 0.54, 0, 0, 0, 0, 0] Cupressacee/Taxacee: [0, 0, 0, 0, 0, 0, 0.54, 0, 0, 0.54, 0] Castagno: [0, 0, 0, 0, 0, 0, 1.08, 0, 0, 0, 0.54] Cedro: [0, 0, 0, 0, 0, 0, 0.54, 0, 0, 0, 0] Urticacee: [0, 0, 0, 0, 0, 0, 1.08, 0.54, 0, 1.08, 0.54] Altri pollini: [0, 0, 0, 0, 0, 0.54, 0] Pollini Non Identificati: [0.54, 0, 0, 0.54, 0, 0.54, 0.54, 0, 1.08, 0, 0.54] Alternaria: [1.08, 2.16, 2.16, 1.62, 1.62, 0.54, 0.54, 2.7, 1.62, 3.78, 1.62] 
Novara  Amarantacee: [0.49, 0, 0.49, 0, 0, 0, 0.49, 0, 0, 0, 0] Ontano: [0, 0, 0, 0.49, 0.49, 0, 0, 0, 0, 0.49, 0] Cannabacee: [0, 0, 0, 0.49, 0, 0, 0, 0, 0, 0, 0] Altre Composite: [0, 0, 0, 0, 0, 0, 0, 0, 0.49, 0, 0] Ambrosia: [0, 0, 0.49, 0, 0, 0, 0.49, 0, 0, 0, 0] Assenzio: [0, 0, 0, 0.49, 0, 0, 0, 0.97, 0, 0, 0] Cupressacee/Taxacee: [0, 0.49, 0, 0.49, 0.49, 0, 0, 0.97, 1.94, 0.49, 0.49] Graminacee: [0.49, 1.46, 1.94, 1.94, 0.49, 0, 0.49, 0.97, 1.46, 0, 0] Cedro: [0, 1.46, 0.49, 181.32, 3.4, 0.49, 0.49, 0, 4.86, 147.29, 2.43] Plantaginacee: [0, 0, 0, 0, 0.49, 0, 0, 0, 0, 0, 0] Rosacee: [0.49] Urticacee: [0.97, 0, 0, 1.94, 0, 0, 0.49, 0, 1.94, 1.46, 0] Altri pollini: [0, 0, 0.49, 1.94, 0, 0, 0, 0, 0.49, 0, 3.89] Pollini Non Identificati: [0.49, 0, 0.97, 0, 0, 0.49, 0, 0.97, 0.97, 0, 0] Alternaria: [16.53, 20.42, 26.74, 66.11, 7.78, 9.72, 6.32, 21.39, 46.18, 49.58, 39.37] 
Alessandria  Amarantacee: [0, 0.46, 0.46, 0, 0, 0, 0, 0, 0, 0.92, 0] Altre Composite: [0, 0, 0, 0, 0, 0, 0.46, 0, 0, 0, 0.46] Assenzio: [0.46, 0, 0, 0, 0, 0, 0, 0, 0, 0, 0] Nocciolo: [0, 0, 0, 0, 0, 0, 0, 0, 0.46, 0.46, 0] Cupressacee/Taxacee: [0, 0, 0, 1.83, 0.46, 0, 0, 2.29, 5.96, 0, 1.38] Graminacee: [0, 0, 0, 0, 0, 0, 0, 0, 0, 1.83, 0] Cedro: [0, 0, 0, 0, 0, 0, 0, 0.92, 1.38, 0, 0] Urticacee: [2.75, 1.83, 1.83, 3.67, 0, 0, 0.92, 2.29, 2.29, 2.29, 3.21] Altri pollini: [0.46, 0, 0, 0, 0, 0, 0, 0.46, 0, 0.92, 0] Pollini Non Identificati: [1.83, 0.46, 1.38, 0.92, 0.92, 0.46, 0.46, 2.29, 0.92, 2.29, 2.75] Alternaria: [17.89, 24.31, 19.72, 37.6, 33.94, 5.5, 7.34, 16.05, 55.03, 55.95, 33.48] 
Cuneo  Ambrosia: [0, 0, 0, 0.39] Cupressacee/Taxacee: [0, 0, 0, 0, 0, 0, 0, 0, 1.18] Graminacee: [0, 0.39, 0.39, 0] Cedro: [0, 0, 0, 0, 0, 0, 0.39, 0.39, 0] Urticacee: [0.39, 0.39, 0, 0.39, 0, 0.39, 1.18, 0, 0] Altri pollini: [0, 0.39, 0, 0] Pollini Non Identificati: [0, 0, 0, 0.39] Alternaria: [11.76, 12.15, 7.84, 8.62, 3.92, 3.14, 4.31, 3.92, 5.1] 
Vercelli  
Castel di Lama  Amarantacee: [0.44, 0.88, 0.44, 0, 5.3, 0, 0, 0, 0, 0, 0] Altre Composite: [0, 0.44, 0, 0, 0, 0, 0, 0, 0, 0, 0] Assenzio: [0.44, 0, 0.44, 0, 0, 0.44, 0, 0, 0.44, 0, 0] Nocciolo: [0, 0, 0, 0, 0, 0, 0, 0, 0, 0, 0.44] Cupressacee/Taxacee: [0.44, 2.65, 1.77, 1.77, 0, 0, 1.33, 1.33, 1.77, 2.21, 0] Euforbiacee: [0.88, 1.77, 0.88, 0, 0.44, 3.98, 0.44, 3.09, 0.88, 0, 3.09] Pinacee: [0, 10.16, 5.3, 0.44, 0, 0, 0, 3.98, 0, 0.44, 2.21] Umbellifere: [0, 0, 0.44, 0, 0, 0, 0, 0, 0, 0, 0] Urticacee: [2.65, 1.33, 0.44, 0, 0, 1.77, 3.98, 3.98, 2.21, 1.33, 2.21] Altri pollini: [0.88, 0, 0, 0, 0.44, 0, 0, 0.44, 0.44, 0, 1.77] Pollini Non Identificati: [0, 0, 0.44, 0.44, 0, 0, 0, 0.44, 0, 0.44, 1.77] Alternaria: [34.47, 26.52, 16.79, 3.09, 1.33, 3.54, 27.84, 37.12, 27.84, 11.93, 15.47] Epicoccum: [1.77, 1.77, 6.63, 0.44, 0.44, 1.77, 3.09, 2.65, 9.72, 2.21, 1.33] Helminthosporium: [2.21, 1.33, 0, 0, 0.44, 0, 0.44, 0, 0.88, 0, 0] Oidium: [1.77, 1.77, 0.44, 0, 0, 0, 0, 0, 0, 0, 0] Pithomyces: [1.33, 2.65, 0, 0, 0, 0.44, 0.44, 0, 0.44, 1.33, 0.44] Pleospora: [0.44, 0.44, 0.88, 13.26, 3.98, 2.65, 4.86, 3.54, 20.33, 11.49, 7.95] Puccinia: [0, 0, 0, 7.95, 1.77, 0.44, 10.16, 0.44, 20.77, 3.98, 3.54] Stemphylium: [13.26, 14.58, 15.47, 1.77, 0.88, 1.77, 26.52, 41.54, 12.37, 4.42, 1.77] Torula: [0, 0.88, 0, 0, 0, 0.44, 0, 0, 0, 0.44, 0] 
Ancona  Amarantacee: [0, 0, 0, 0, 0.44, 0, 0, 0, 0, 0, 0] Altre Composite: [0.44, 0, 0, 0, 0, 0, 0, 0, 0, 0, 0] Nocciolo: [0, 0, 0, 0, 0, 0, 0, 0, 0, 0.44, 0] Cupressacee/Taxacee: [1.77, 1.33, 0.44, 0, 0, 0, 0.44, 2.21, 0, 3.54, 0.88] Euforbiacee: [1.33, 0, 0, 1.33, 0, 1.33, 0, 1.33, 0.88, 3.09, 0] Graminacee: [0, 0.44, 0, 0, 0, 0, 0, 0, 0, 0, 0] Urticacee: [0.88, 0.44, 1.33, 0, 0, 1.33, 0.44, 3.98, 0.44, 1.33, 0.44] Altri pollini: [0, 0.44, 0.44, 0, 0, 0, 0, 0, 0, 0.44, 0] Pollini Non Identificati: [0, 0, 0, 0.44, 0, 0, 0, 0, 0.44, 0, 0] Alternaria: [11.05, 2.65, 3.54, 2.65, 1.33, 1.33, 3.98, 5.74, 3.54, 12.37, 2.21] Epicoccum: [0.88, 2.21, 2.21, 2.21, 0, 0.88, 0, 0.88, 0, 2.65, 0] Helminthosporium: [0, 0, 0, 0.44, 0, 0, 0, 0, 0, 0, 0] Oidium: [0.44, 0, 0, 0, 0, 0, 0, 0, 0, 0, 0] Peronospora: [0, 0, 0, 0, 0, 0, 0, 0, 0, 0.44, 0] Pithomyces: [0, 0, 0.44, 0, 0, 0.44, 0, 0, 0, 0.88, 0] Pleospora: [0, 0.88, 0, 0, 0.88, 1.77, 0.44, 1.33, 1.77, 0.88, 0] Puccinia: [0, 0, 0, 0, 1.33, 0, 0, 0.44, 0, 0.44, 0] Stemphylium: [6.19, 0.44, 1.77, 0.44, 0, 1.77, 2.65, 8.84, 2.21, 5.74, 0.88] Torula: [0.44, 1.77, 0, 0, 0, 0, 0, 0, 0, 0, 0] 
Pesaro  
Campobasso  Amarantacee: [0, 0.39] Ontano: [0, 0.39, 0.39] Assenzio: [0, 0.39] Cupressacee/Taxacee: [0.39, 0.39, 1.17, 1.94, 1.17, 1.56, 0.39, 0.39, 0.39] Euforbiacee: [0.78, 0.78, 1.17, 0.39, 0.39, 0.78, 0.39, 0.78, 1.94, 0.39] Graminacee: [0, 0.39, 0.39] Altre Oleacee: [0, 1.17] Pinacee: [0.78, 0.39, 0.39] Urticacee: [1.94, 1.94, 2.72, 1.56, 1.17, 11.28, 3.11, 3.11, 7.39, 4.28, 3.5] Pollini Non Identificati: [1.17, 0.39, 1.17, 1.94, 2.72, 1.56, 0.78, 0.39, 3.11, 1.17, 0.78] Alternaria: [10.11, 11.28, 9.33, 3.11, 1.17, 7, 3.89, 2.33, 6.22, 3.11, 3.89] Epicoccum: [1.94, 0.78, 0.78, 1.17, 3.11, 2.33, 1.56, 0.78] Helminthosporium: [0.39, 0.78, 0.39, 0.39, 0.39, 0.39] Peronospora: [0.39, 0.39, 1.56] Pithomyces: [0.39, 0.39, 0.39, 0.39] Pleospora: [0.78, 3.11, 1.94, 0.78, 1.94, 0.78, 6.61, 5.06, 3.89] Polythrincium: [0.39] Stemphylium: [3.11, 2.33, 2.33, 1.94, 0.39, 3.89, 2.33, 1.94, 2.72, 3.89, 2.33] Torula: [5.44, 4.67, 2.33] 
Termoli  Anacardiacee: [0.78] Altre Composite: [0.39, 0.39] Cupressacee/Taxacee: [2.33, 0.39, 0.39, 1.94, 1.17, 7, 6.22, 0.78] Euforbiacee: [0.39, 1.56, 0.39, 1.56, 0.39, 3.89, 3.5, 5.83, 7, 1.56, 0.78] Graminacee: [0.39, 0.78] Altre Oleacee: [0.78, 0.39, 0.39] Rosacee: [0.39, 0.78] Umbellifere: [0.39, 0.78] Urticacee: [3.11, 1.94, 1.94, 3.5, 0.78, 9.72, 3.89, 3.5, 4.28, 3.89, 2.33] Pollini Non Identificati: [1.17, 0.78, 1.17, 0.78, 1.17, 0.39, 0.39, 0.78, 1.17] Alternaria: [7.39, 8.56, 10.89, 5.83, 5.06, 18.28, 16.72, 16.33, 13.22, 8.94, 7] Epicoccum: [0.78, 0.78, 1.17, 1.17, 1.17, 1.94, 1.56, 4.67, 3.89, 1.56] Helminthosporium: [1.17, 0.39, 0.78, 0.39] Peronospora: [0.39, 0.78, 0.39, 0.39, 0.39, 0.39] Pithomyces: [0.39, 0.39, 0.39, 0.39, 0.39, 1.17, 0.39] Pleospora: [3.89, 0.78, 1.56, 8.94, 5.06, 3.89, 5.83, 3.11, 3.11, 6.22, 7] Stemphylium: [7, 5.83, 5.44, 2.33, 3.11, 10.5, 7.39, 3.89, 3.11, 3.89, 2.33] 
Isernia  
Brindisi  Cupressacee/Taxacee: [1.7] Euforbiacee: [0.57, 0.57] Pinacee: [1.13] Plantaginacee: [0.57] Vetriola/altre Urticacee: [1.7, 2.83, 0.57, 1.7] Altri pollini: [0.57, 0.57, 0.57] Pollini Non Identificati: [0.57, 0.57, 1.13, 0.57] Alternaria: [10.17, 16.96, 5.09, 1.7] 
Bari  
Sassari  Amarantacee: [0.44] Assenzio: [0.44] Cupressacee/Taxacee: [1.33, 49.49, 29.17, 19, 1.77, 0.88, 2.65, 0.88, 7.51, 0.44] Euforbiacee: [0.44, 0.44, 0.44] Quercia: [3.98, 2.21, 0.44, 5.3, 0.44] Altre Oleacee: [1.33, 0.44, 0.44] Vetriola/altre Urticacee: [0.88, 5.3, 3.98, 3.09, 0.88, 0.44, 3.09, 1.77, 1.77, 0.44, 2.21] Altri pollini: [0.44] Pollini Non Identificati: [0.88, 4.42, 2.21, 0.88, 2.21, 0.44, 1.77, 0.44, 1.33, 0.44] Alternaria: [7.07, 28.28, 17.68, 13.26, 4.42, 3.09, 3.54, 8.84, 3.09, 3.54, 1.77] Epicoccum: [1.77, 1.33, 1.33, 1.77, 0.88, 1.33, 0.88] Helminthosporium: [0.88, 0.44, 0.44, 0.44] Oidium: [0.44, 0.88, 1.33, 0.44] Periconia: [0.44, 2.65, 2.21, 0.88, 0.44, 0.88, 0.44, 1.33, 0.88] Peronospora: [2.21, 0.44, 1.77, 0.44, 0.44, 0.44] Pithomyces: [0.44, 0.88, 1.33] Pleospora: [2.21, 5.3, 0.88, 1.77, 4.86, 20.33, 7.95, 0.44, 15.47, 19.89, 5.74] Polythrincium: [0.44] Stemphylium: [2.21, 7.95, 5.74, 1.77, 0.88, 0.88, 0.44, 4.86, 2.21, 1.77, 0.44] Torula: [0.88, 0.44, 2.21, 0.88] 
Cagliari  Amarantacee: [0.88, 0.44, 0.88] Assenzio: [3.98, 0.44, 0.44, 0.44, 0.44] Cupressacee/Taxacee: [8.4, 16.79, 15.03, 11.93, 6.19, 9.72, 15.03, 1.33, 0.88, 1.33, 1.33] Ericacee: [0.44] Euforbiacee: [1.33, 0.44, 0.88, 0.44, 0.44, 1.77] Graminacee: [2.21, 0.88, 0.88, 0.88, 0.44] Altre Oleacee: [0.44, 0.44] Pinacee: [0.44] Umbellifere: [0.44, 0.44] Vetriola/altre Urticacee: [0.88, 1.33, 2.65, 1.33, 1.77, 3.98, 1.33, 4.86, 2.21, 1.33] Ortica: [0.44, 0.44] Altri pollini: [1.33, 1.33, 0.44, 0.44, 0.44, 1.33, 1.77] Pollini Non Identificati: [0.88, 1.77, 0.88, 3.09, 1.77, 1.33, 2.65, 0.44, 0.44, 0.44] Alternaria: [10.61, 32.7, 28.72, 17.68, 19.44, 16.79, 15.91, 30.05, 28.28, 7.51, 15.03] Epicoccum: [0.88, 0.88, 3.09, 0.44, 1.77, 0.44, 0.88] Helminthosporium: [0.88, 0.88, 0.88, 0.88, 0.44] Oidium: [1.33, 0.88, 0.88, 0.44, 0.44, 1.33, 0.44] Periconia: [0.88, 0.44, 0.88, 0.44, 0.44, 1.33] Peronospora: [1.33, 3.09, 2.65, 1.77, 0.44, 0.44, 0.44] Pithomyces: [0.44, 0.44, 0.44, 2.65] Pleospora: [3.54, 0.88, 0.88, 4.42, 5.3, 53.03, 5.3, 13.7, 30.49, 4.86] Stemphylium: [14.14, 3.98, 2.65, 3.09, 3.54, 5.3, 1.33, 9.72, 2.21, 2.21, 0.88] Torula: [1.77, 0.44, 1.77, 0.44, 0.44, 0.88, 0.44] 
Trapani  Amarantacee: [0.36, 0.36, 0.36, 0.36, 0.36] Assenzio: [2.88, 0.36, 0.36, 0.36, 0.36] Cupressacee/Taxacee: [0.72, 0.72, 0.36, 0.72] Euforbiacee: [0.72, 0.72, 0.72, 1.44] Castagno: [0, 0.72] Graminacee: [0.36, 1.08, 1.08, 0.72, 0.72, 1.08] Pinacee: [0, 0.36] Umbellifere: [0.36, 0.36] Urticacee: [0.72, 0.36, 0.36, 0.36, 0.72, 0.36, 1.44, 0.36] Altri pollini: [0.36, 1.08, 0.36, 0.72, 0.36, 1.8] Pollini Non Identificati: [0.36, 0.36, 0.72] Alternaria: [2.88, 3.96, 2.88, 17.28, 2.52, 11.88, 4.32, 2.88, 3.6, 7.92, 0.72] 
Siracusa  Amarantacee: [1.06, 0.71, 0.71, 0.71, 1.41] Cupressacee/Taxacee: [2.12, 3.54, 3.89, 1.77, 1.77] Euforbiacee: [0.71, 1.06, 0.71, 2.12, 0.71] Graminacee: [0.71, 0.71, 1.06, 1.06] Pinacee: [0.71] Umbellifere: [1.06, 1.06, 0.35] Urticacee: [2.12, 1.06, 4.24, 2.12, 3.18, 5.3, 4.6, 1.77, 3.18] Altri pollini: [1.41, 1.06, 1.77, 1.77] Pollini Non Identificati: [0.35, 0.71, 0.71, 0.71, 0.71, 1.41, 0.35] Alternaria: [6.72, 10.96, 7.78, 6.72, 9.55, 10.96, 7.07, 5.66, 6.01] 
Firenze  Amarantacee: [0, 0, 0, 0, 0.4, 0, 0, 0, 0, 0, 0] Cupressacee/Taxacee: [0.4, 1.2, 9.16, 6.77, 1.2, 0.4, 0.4, 2.39, 9.16, 1.2, 0] Euforbiacee: [0, 0.8, 2.39, 0.8, 0.8, 0.4, 0.4, 1.59, 0.8, 0.8, 0] Pinacee: [0, 0, 0, 0, 0.4, 0, 0, 0, 0, 0, 0.8] Urticacee: [0.4, 0.8, 2.39, 1.59, 0.4, 0, 0.4, 0.4, 1.99, 0, 0] Altri pollini: [0.8, 0.4, 0.4, 1.2, 0, 0, 0, 0.4, 0.4, 0.4, 0] Pollini Non Identificati: [0, 0.4, 0.4, 0, 0, 0, 0, 0.8, 0, 0.8, 0] Alternaria: [6.38, 7.57, 2.39, 3.19, 0.4, 3.19, 1.2, 7.97, 15.54, 2.39, 1.2] 
Arezzo  Amarantacee: [0, 0, 0, 0, 0, 0, 0, 0, 0, 0, 0.4] Altre Composite: [0, 0, 0.4, 0, 0, 0, 0, 0, 0, 0, 0] Cupressacee/Taxacee: [0.8, 0, 1.99, 1.59, 0.4, 0, 0.4, 3.19, 3.19, 0.4, 0] Euforbiacee: [0, 1.59, 1.2, 1.99, 0.4, 0.4, 0, 0.8, 0, 0, 1.2] Graminacee: [0, 0.8, 0.4, 0, 0.4, 0, 0, 0, 0, 0, 0.4] Pinacee: [0, 0, 0.8, 0.4, 0.8, 0, 0, 0, 0.4, 0, 0.4] Urticacee: [3.19, 0.4, 1.59, 1.2, 1.2, 0, 0.4, 1.2, 0.4, 0, 1.59] Altri pollini: [0, 0.8, 0.4, 0, 0, 0, 0, 0, 0.4, 0, 0] Pollini Non Identificati: [0, 0, 0, 0, 0, 0.4, 0, 0, 0, 0.8, 0] Alternaria: [7.17, 9.56, 3.19, 3.59, 5.18, 0.8, 1.2, 12.35, 11.16, 2.79, 2.39] 
Lido di Camaiore  
Grosseto  Amarantacee: [0.4, 0.4, 0.8, 0.4, 0, 0, 0, 0, 0, 0, 0] Assenzio: [1.2, 0, 0, 0, 0, 0, 0, 0, 0, 0, 0] Cupressacee/Taxacee: [4.38, 7.17, 3.59, 0.8, 1.2, 1.99, 3.19, 2.39, 3.19, 1.99, 5.98] Euforbiacee: [0, 0.4, 0.4, 1.59, 0, 0, 0, 0, 0, 0, 1.2] Graminacee: [1.2, 0.4, 0.4, 0, 0, 0, 0, 0, 0, 0, 0] Pinacee: [0.8, 0.4, 1.2, 0.4, 1.2, 0.8, 0, 0.4, 0.8, 0, 0] Urticacee: [0, 0.8, 1.59, 0.8, 0.8, 0, 1.59, 1.59, 1.59, 0, 0] Altri pollini: [1.2, 0.4, 0.8, 0.8, 0.4, 0, 0, 0, 0, 0, 0] Pollini Non Identificati: [0, 0.8, 2.79, 0.4, 0, 0, 0, 0, 0, 0, 0] Alternaria: [5.18, 9.16, 11.16, 3.59, 1.2, 0.4, 1.59, 10.76, 10.36, 3.59, 1.2] 
Perugia  Amarantacee: [0.46] Assenzio: [1.38] Cupressacee/Taxacee: [0.46, 0.46, 0.46] Euforbiacee: [0.46, 0.92, 1.83, 0.46] Graminacee: [0.46] Pinacee: [1.38] Rosacee: [0.46] Urticacee: [0.92, 0.46] Altri pollini: [0.92, 1.38] Alternaria: [3.67, 2.75, 0.92, 0.46, 0.46, 0.46, 0.46, 1.83, 0.92, 0.46, 0.92] Peronospora: [0.46] 
Città di Castello  Amarantacee: [0.46] Araliacee: [0.46] Assenzio: [0.92, 0.46] Cupressacee/Taxacee: [0.46, 1.38, 3.67, 1.38] Euforbiacee: [6.42, 1.83, 0.92, 1.83, 3.67, 5.5, 4.59] Castagno: [0.46, 0] Graminacee: [0.46, 0.92, 0.92, 0.46, 0.92, 0.46] Olivo: [0.92, 0.92] Pinacee: [0.46] Platanacee: [1.83] Rosacee: [0.92] Umbellifere: [0.46] Urticacee: [0.46, 1.38, 0.46] Altri pollini: [0.46] Alternaria: [22.47, 10.09, 10.09, 1.38, 1.38, 1.83, 0.46, 6.88, 6.88, 0.92, 0.92] Peronospora: [19.72, 0.92, 0.46, 0.46, 1.83, 0.46] 
Terni  Ontano: [0.46] Cannabacee: [0.46, 0.46] Assenzio: [0.46] Cupressacee/Taxacee: [0.46, 0.46, 7.34, 5.04, 2.75, 0.46, 0.46] Ericacee: [0.46] Euforbiacee: [0.92, 0.92, 0.46, 0.46, 0.92, 6.42, 2.29, 4.59] Graminacee: [1.83, 0.46, 0.92, 1.38, 0.46] Iuglandacee: [0.46] Altre Oleacee: [0.46] Olivo: [0.46] Pinacee: [0.46, 0.46, 1.38, 0.46] Poligonacee: [0.46] Urticacee: [0.92, 0.92, 3.67, 0.92] Altri pollini: [0.46, 0.92] Pollini Non Identificati: [0.46, 0.46, 0.92, 0.46] Alternaria: [16.51, 5.04, 6.88, 9.17, 0.46, 3.21, 2.29, 8.25, 4.59, 0.46] Peronospora: [0.46, 0.46, 0.46, 0.92, 1.38] 
Cogne - Gimillan  
Aosta - St. Christophe  
